name: KingMaker
channels:
  - conda-forge
  - defaults
dependencies:
  - _libgcc_mutex=0.1=conda_forge
  - _openmp_mutex=4.5=1_gnu
  - boost=1.74.0=py39h5472131_3
  - boost-cpp=1.74.0=h312852a_4
  - bzip2=1.0.8=h7f98852_4
  - c-ares=1.17.2=h7f98852_0
  - ca-certificates=2021.5.30=ha878542_0
  - cgsi-gsoap=1.3.11=h876a3cc_2
  - colorama=0.4.4=pyh9f0ad1d_0
  - commonmark=0.9.1=py_0
  - conda-pack=0.6.0=pyhd3eb1b0_0
  - curl=7.78.0=h1ccaba5_0
  - cyrus-sasl=2.1.27=h230043b_2
  - davix=0.7.6=hb44b51d_0
  - dcap=2.47.12=hd35416c_3
  - docutils=0.17.1=py39hf3d152e_0
  - expat=2.4.1=h9c3ff4c_0
  - future=0.18.2=py39hf3d152e_3
  - gct=6.2.1550507116=h8cfc5f6_2
  - gettext=0.19.8.1=h0b5b191_1005
  - gfal2=2.19.2=h13c04c2_0
  - gfal2-util=1.6.0=pyhd8ed1ab_0
  - git=2.32.0=pl5262hc120c5b_1
  - glib=2.68.4=h9c3ff4c_0
  - glib-tools=2.68.4=h9c3ff4c_0
  - gsoap_abi=2.8.106=1
  - icu=68.1=h58526e2_0
  - json-c=0.15=h98cffda_0
  - krb5=1.19.2=hcc1bbae_0
  - ld_impl_linux-64=2.36.1=hea4e1c9_2
  - libblas=3.9.0=11_linux64_openblas
  - libcblas=3.9.0=11_linux64_openblas
  - libcurl=7.78.0=h0b77cf5_0
  - libedit=3.1.20191231=he28a2e2_2
  - libev=4.33=h516909a_1
  - libffi=3.3=h58526e2_2
  - libgcc-ng=11.1.0=hc902ee8_8
  - libgfortran-ng=11.1.0=h69a702a_8
  - libgfortran5=11.1.0=h6c583b3_8
  - libglib=2.68.4=h3e27bee_0
  - libgomp=11.1.0=hc902ee8_8
  - libiconv=1.16=h516909a_0
  - liblapack=3.9.0=11_linux64_openblas
  - libnghttp2=1.43.0=h812cca2_0
  - libntlm=1.4=h7f98852_1002
  - libopenblas=0.3.17=pthreads_h8fe5266_1
  - libssh2=1.9.0=ha56f1ee_6
  - libstdcxx-ng=11.1.0=h56837e0_8
  - libtool=2.4.6=h58526e2_1007
  - libuuid=2.32.1=h7f98852_1000
  - libxml2=2.9.12=h72842e0_0
  - lockfile=0.12.2=py_1
  - luigi=3.0.3=py39h06a4308_0
  - lz4-c=1.9.3=h9c3ff4c_1
  - ncurses=6.2=h58526e2_4
  - numpy=1.21.2=py39hdbf815f_0
  - openldap=2.4.52=h43732ee_1
  - openssl=1.1.1k=h7f98852_1
  - pcre=8.45=h9c3ff4c_0
  - pcre2=10.35=h14c3975_1
  - perl=5.32.1=0_h7f98852_perl5
  - pip=21.2.4=py37h06a4308_0
  - pugixml=1.11.4=h9c3ff4c_0
  - pygments=2.10.0=pyhd8ed1ab_0
  - python=3.9.6=h49503c6_1_cpython
  - python-daemon=2.3.0=pyhd8ed1ab_1
  - python-dateutil=2.8.2=pyhd8ed1ab_0
  - python-gfal2=1.10.1=py39h4309f8f_0
  - python_abi=3.9=2_cp39
  - pyyaml=5.4.1=py39h3811e60_1
  - readline=8.1=h46c0cb4_0
  - rich=10.7.0=py39hf3d152e_0
  - scitokens-cpp=0.6.2=h8cfc780_1
  - setuptools=57.4.0=py39hf3d152e_0
  - six=1.16.0=pyh6c4a22f_0
  - sqlite=3.36.0=h9cd32fc_0
  - srm-ifce=1.24.5=h9da80fa_0
  - tenacity=6.3.1=pyhd8ed1ab_0
  - tk=8.6.11=h21135ba_0
  - tornado=6.1=py39h3811e60_1
  - typing_extensions=3.10.0.0=pyha770c72_0
  - tzdata=2021a=he74cb21_1
  - voms=2.1.0rc0=h2c113ba_1
  - wheel=0.37.0=pyhd8ed1ab_1
  - xrootd=5.3.0=py39h8ef998a_0
  - xz=5.2.5=h516909a_1
  - yaml=0.2.5=h516909a_0
  - zlib=1.2.11=h516909a_1010
  - zstd=1.5.0=ha95c52a_0
  - pip:
    - certifi==2021.5.30
    - dnspython==1.16.0
    - docopt==0.6.2
    - fett==0.3.2
    - networkx==2.6.2
    - pymongo==3.11.4
    - python-jsonrpc-server==0.3.4
    - requests==2.26.0
    - snooty-lextudio==1.11.4.dev0
    - toml==0.10.2
    - ujson==1.35
    - urllib3==1.26.6
    - watchdog==1.0.2
