name: KingMaker
channels:
  - conda-forge
  - defaults
dependencies:
  - _libgcc_mutex=0.1=conda_forge
  - _openmp_mutex=4.5=1_gnu
  - appdirs=1.4.4=pyhd3eb1b0_0
  - attrs=21.4.0=pyhd3eb1b0_0
  - black=19.10b0=py_0
  - blas=1.0=openblas
  - boost=1.74.0=py39h5472131_3
  - boost-cpp=1.74.0=h312852a_4
  - bzip2=1.0.8=h7b6447c_0
  - c-ares=1.18.1=h7f8727e_0
  - ca-certificates=2021.10.26=h06a4308_2
  - cgsi-gsoap=1.3.11=h876a3cc_2
  - clang=10.0.1=default_hb85057a_2
  - click=8.0.3=pyhd3eb1b0_0
  - colorama=0.4.4=pyhd3eb1b0_0
  - commonmark=0.9.1=pyhd3eb1b0_0
  - conda-pack=0.6.0=pyhd3eb1b0_0
  - curl=7.80.0=h7f8727e_0
  - cyrus-sasl=2.1.27=h758a394_8
  - dataclasses=0.8=pyh6d0b6a4_7
  - davix=0.7.6=hb44b51d_0
  - dcap=2.47.12=hd35416c_3
  - docutils=0.18.1=py39h06a4308_2
  - expat=2.4.1=h2531618_2
  - future=0.18.2=py39h06a4308_1
  - gct=6.2.1550507116=h8cfc5f6_2
  - gettext=0.21.0=hf68c758_0
  - gfal2=2.19.2=h13c04c2_0
  - gfal2-util=1.6.0=pyhd8ed1ab_0
  - git=2.34.1=pl5262hc120c5b_0
  - glib=2.68.4=h9c3ff4c_0
  - glib-tools=2.68.4=h9c3ff4c_0
  - gsoap_abi=2.8.106=1
  - icu=68.1=h2531618_0
  - importlib-metadata=4.8.2=py39h06a4308_0
  - json-c=0.15=h98cffda_0
  - krb5=1.19.2=hac12032_0
  - ld_impl_linux-64=2.35.1=h7274673_9
  - libblas=3.9.0=11_linux64_openblas
  - libcblas=3.9.0=11_linux64_openblas
  - libclang-cpp10=10.0.1=default_hb85057a_2
  - libcurl=7.80.0=h0b77cf5_0
  - libdb=6.2.32=hf484d3e_0
  - libedit=3.1.20210910=h7f8727e_0
  - libev=4.33=h7f8727e_1
  - libffi=3.3=he6710b0_2
  - libgcc-ng=11.1.0=hc902ee8_8
  - libgfortran-ng=9.3.0=ha5ec8a7_17
  - libgfortran5=9.3.0=ha5ec8a7_17
  - libglib=2.68.4=h3e27bee_0
  - libgomp=11.1.0=hc902ee8_8
  - libiconv=1.16=h516909a_0
  - liblapack=3.9.0=11_linux64_openblas
  - libllvm10=10.0.1=hbcb73fb_5
  - libnghttp2=1.46.0=hce63b2e_0
  - libntlm=1.6=h7f8727e_0
  - libopenblas=0.3.17=pthreads_h8fe5266_1
  - libssh2=1.9.0=h1ba5d50_1
  - libstdcxx-ng=11.1.0=h56837e0_8
  - libtool=2.4.6=h7b6447c_1005
  - libuuid=2.32.1=h7f98852_1000
  - libxml2=2.9.12=h72842e0_0
  - lockfile=0.12.2=py39h06a4308_0
  - luigi=3.0.3=py39h06a4308_0
  - lz4-c=1.9.3=h295c915_1
  - mypy_extensions=0.4.3=py39h06a4308_1
  - ncurses=6.3=h7f8727e_2
  - numpy=1.21.2=py39hd8d4704_0
  - numpy-base=1.21.2=py39h2b8c604_0
  - openldap=2.4.52=h43732ee_1
  - openssl=1.1.1m=h7f8727e_0
  - pathspec=0.7.0=py_0
  - pcre=8.45=h295c915_0
  - pcre2=10.37=he7ceb23_1
  - perl=5.26.2=h14c3975_0
  - pip=21.2.4=py39h06a4308_0
  - pugixml=1.11.4=h295c915_0
  - pygments=2.10.0=pyhd3eb1b0_0
  - python=3.9.7=h12debd9_1
  - python-daemon=2.3.0=py39h06a4308_3
  - python-dateutil=2.8.2=pyhd3eb1b0_0
  - python-gfal2=1.10.1=py39h4309f8f_0
  - python_abi=3.9=2_cp39
  - pyyaml=6.0=py39h7f8727e_1
  - readline=8.1.2=h7f8727e_1
  - regex=2021.11.2=py39h7f8727e_0
  - rich=10.16.2=pyhd3eb1b0_0
  - scitokens-cpp=0.6.2=h8cfc780_1
  - setuptools=58.0.4=py39h06a4308_0
  - six=1.16.0=pyhd3eb1b0_0
  - sqlite=3.37.0=hc218d9a_0
  - srm-ifce=1.24.5=h9da80fa_0
  - tenacity=6.3.1=py39h06a4308_0
  - tk=8.6.11=h1ccaba5_0
  - toml=0.10.2=pyhd3eb1b0_0
  - tornado=6.1=py39h27cfd23_0
  - typed-ast=1.4.3=py39h7f8727e_1
  - typing_extensions=3.10.0.2=pyh06a4308_0
  - tzdata=2021e=hda174b7_0
  - voms=2.1.0rc0=h2c113ba_1
  - wheel=0.37.1=pyhd3eb1b0_0
  - xrootd=5.3.0=py39h8ef998a_0
  - xz=5.2.5=h7b6447c_0
  - yaml=0.2.5=h7b6447c_0
  - zipp=3.7.0=pyhd3eb1b0_0
  - zlib=1.2.11=h7f8727e_4
  - zstd=1.5.0=ha4553b6_1
  - pip:
    - certifi==2021.5.30
    - dnspython==1.16.0
    - docopt==0.6.2
    - fett==0.3.2
    - networkx==2.6.2
    - pymongo==3.11.4
    - python-jsonrpc-server==0.3.4
    - requests==2.26.0
    - snooty-lextudio==1.11.4.dev0
    - ujson==1.35
    - urllib3==1.26.6
    - watchdog==1.0.2
prefix: /work/sbrommer/ntuple_prototype/KingMaker_debug/miniconda/envs/KingMaker
