name: KingMaker
channels:
  - conda-forge
  - defaults
dependencies:
  - _libgcc_mutex=0.1=conda_forge
  - _openmp_mutex=4.5=1_gnu
  - boost=1.74.0=py39h5472131_5
  - boost-cpp=1.74.0=h6cacc03_7
  - bzip2=1.0.8=h7f98852_4
  - c-ares=1.18.1=h7f98852_0
  - ca-certificates=2021.10.8=ha878542_0
  - cgsi-gsoap=1.3.11=h876a3cc_2
  - colorama=0.4.4=pyh9f0ad1d_0
  - commonmark=0.9.1=py_0
  - cyrus-sasl=2.1.27=h230043b_5
  - dataclasses=0.8=pyhc8e2a94_3
  - davix=0.7.6=hb44b51d_0
  - dcap=2.47.12=hd35416c_3
  - docutils=0.18.1=py39hf3d152e_0
  - expat=2.4.4=h9c3ff4c_0
  - future=0.18.2=py39hf3d152e_4
  - gct=6.2.1550507116=h812cca2_2
  - gettext=0.19.8.1=h73d1719_1008
  - gfal2=2.19.2=h13c04c2_0
  - gfal2-util=1.6.0=pyhd8ed1ab_0
  - glib=2.68.4=h9c3ff4c_1
  - glib-tools=2.68.4=h9c3ff4c_1
  - gsoap=2.8.119=h90a1d37_0
  - gsoap_abi=2.8.106=1
  - icu=69.1=h9c3ff4c_0
  - json-c=0.15=h98cffda_0
  - krb5=1.19.2=hcc1bbae_3
  - ld_impl_linux-64=2.36.1=hea4e1c9_2
  - libblas=3.9.0=13_linux64_openblas
  - libcblas=3.9.0=13_linux64_openblas
  - libcurl=7.81.0=h2574ce0_0
  - libedit=3.1.20191231=he28a2e2_2
  - libev=4.33=h516909a_1
  - libffi=3.4.2=h7f98852_5
  - libgcc-ng=11.2.0=h1d223b6_12
  - libgfortran-ng=11.2.0=h69a702a_12
  - libgfortran5=11.2.0=h5c6108e_12
  - libglib=2.68.4=h174f98d_1
  - libgomp=11.2.0=h1d223b6_12
  - libiconv=1.16=h516909a_0
  - liblapack=3.9.0=13_linux64_openblas
  - libnghttp2=1.46.0=h812cca2_0
  - libnsl=2.0.0=h7f98852_0
  - libntlm=1.4=h7f98852_1002
  - libopenblas=0.3.18=pthreads_h8fe5266_0
  - libssh2=1.10.0=ha56f1ee_2
  - libstdcxx-ng=11.2.0=he4da1e4_12
  - libtool=2.4.6=h9c3ff4c_1008
  - libuuid=2.32.1=h7f98852_1000
  - libxml2=2.9.12=h885dcf4_1
  - libzlib=1.2.11=h36c2ea0_1013
  - lockfile=0.12.2=py_1
  - luigi=3.0.3=py39hf3d152e_1
  - lz4-c=1.9.3=h9c3ff4c_1
  - ncurses=6.3=h9c3ff4c_0
  - numpy=1.22.2=py39h91f2184_0
  - openldap=2.4.59=h43732ee_0
  - openssl=1.1.1l=h7f98852_0
  - pcre=8.45=h9c3ff4c_0
  - perl=5.32.1=1_h7f98852_perl5
  - pip=22.0.3=pyhd8ed1ab_0
  - prometheus_client=0.5.0=py_0
  - pugixml=1.11.4=h9c3ff4c_0
  - pygments=2.11.2=pyhd8ed1ab_0
  - python=3.9.10=h85951f9_2_cpython
  - python-daemon=2.3.0=pyhd8ed1ab_1
  - python-dateutil=2.8.2=pyhd8ed1ab_0
  - python-gfal2=1.10.1=py39h4309f8f_0
  - python_abi=3.9=2_cp39
  - pyyaml=6.0=py39h3811e60_3
  - readline=8.1=h46c0cb4_0
  - rich=10.16.2=pyhd8ed1ab_0
  - scitokens-cpp=0.6.3=h00015f2_2
  - setuptools=60.8.1=py39hf3d152e_0
  - six=1.16.0=pyh6c4a22f_0
  - sqlite=3.37.0=h9cd32fc_0
  - srm-ifce=1.24.5=h9da80fa_1
  - tenacity=6.3.1=pyhd8ed1ab_0
  - tk=8.6.11=h27826a3_1
  - toml=0.10.2=pyhd8ed1ab_0
  - tornado=6.1=py39h3811e60_2
  - typing_extensions=4.0.1=pyha770c72_0
  - tzdata=2021e=he74cb21_0
  - voms=2.1.0rc0=h82ee70a_4
  - wheel=0.37.1=pyhd8ed1ab_0
  - xrootd=5.4.0=py39hf708bbc_0
  - xz=5.2.5=h516909a_1
  - yaml=0.2.5=h7f98852_2
  - zlib=1.2.11=h36c2ea0_1013
  - zstd=1.5.2=ha95c52a_0
